MEDIA_ID,MEDIA_NAME,CNT,TIME(2015/11/19 16:12:36.530),TIMETICK(f=3117236),FPOGX,FPOGY,FPOGS,FPOGD,FPOGID,FPOGV,BPOGX,BPOGY,BPOGV,CX,CY,CS,USER,LPCX,LPCY,LPD,LPS,LPV,RPCX,RPCY,RPD,RPS,RPV,
0,Games,18,0.29581,45043296963,0.53523,0.11717,0.00000,0.29580,1,1,0.55558,0.12912,1,0.53594,0.09277,0,,0.28329,0.34487,16.59534,1.13308,1,0.64110,0.30936,15.00973,1.14375,1,
0,Games,48,0.78836,45044832350,0.55039,0.12951,0.31226,0.47610,2,1,0.51028,0.25695,1,0.53516,0.26074,0,,0.28673,0.34239,16.55730,1.12584,1,0.64528,0.30897,14.95605,1.12584,1,
0,Games,92,1.51120,45047085650,0.50699,0.31911,0.85425,0.65695,3,1,0.50770,0.33520,1,0.49609,0.33496,0,,0.24020,0.36784,17.57839,1.11670,1,0.60293,0.30158,15.62390,1.11670,1,
0,Games,159,2.61182,45050516523,0.45922,0.74268,1.92200,0.68982,4,1,0.50540,0.71811,1,0.49609,0.33496,0,,0.27890,0.35899,17.26674,1.11441,1,0.64425,0.32059,14.41858,1.11441,1,
0,Games,198,3.25272,45052514307,0.52477,0.74671,2.62863,0.62408,5,1,0.58512,0.71976,1,0.49609,0.33496,0,,0.27691,0.36065,15.28646,1.11670,1,0.64098,0.32232,14.81641,1.11670,1,
0,Games,233,3.82755,45054306263,0.51109,0.78347,3.26907,0.55847,6,1,0.37532,0.82905,1,0.49609,0.33496,0,,0.27510,0.36241,16.19001,1.11441,1,0.64097,0.32377,14.50514,1.11441,1,
0,Games,268,4.40253,45056098607,0.36664,0.82062,3.89331,0.50922,7,1,0.32833,0.83122,1,0.49609,0.33496,0,,0.27710,0.36455,15.27458,1.13156,1,0.64199,0.32544,13.27463,1.13156,1,
0,Games,288,4.73105,45057122641,0.36829,0.82422,4.41919,0.31186,8,1,0.42243,0.88892,1,0.49609,0.33496,0,,0.28014,0.36428,14.80165,1.12584,1,0.64523,0.32702,13.20521,1.13156,1,
0,Games,302,4.96091,45057839193,0.38169,0.72909,4.74768,0.21323,9,1,0.34883,0.38639,1,0.49609,0.33496,0,,0.28123,0.35017,15.22761,1.13156,1,0.64318,0.31532,12.47158,1.12584,1,
0,Games,321,5.27316,45058812578,0.31367,0.46655,5.02682,0.24634,10,1,0.31590,0.58194,1,0.49609,0.33496,0,,0.27878,0.35638,13.94493,1.11670,1,0.64182,0.31978,12.55407,1.11670,1,
0,Games,346,5.68378,45060092531,0.30354,0.55309,5.28955,0.39423,11,1,0.39734,0.81527,1,0.49609,0.33496,0,,0.28136,0.36539,14.16891,1.13156,1,0.64300,0.32783,12.46808,1.13727,1,
0,Games,369,6.06171,45061270591,0.32940,0.83321,5.74954,0.31216,12,1,0.32706,0.60254,1,0.49609,0.33496,0,,0.27960,0.35835,14.30871,1.09956,1,0.64248,0.32091,13.60702,1.09956,1,
0,Games,394,6.47241,45062550870,0.30350,0.54136,6.12744,0.34497,13,1,0.30713,0.47858,1,0.49609,0.33496,0,,0.27828,0.35459,13.60328,1.09956,1,0.64151,0.31708,11.73522,1.09956,1,
0,Games,407,6.68588,45063216351,0.36400,0.70234,6.48877,0.19711,14,1,0.38093,0.83405,1,0.49609,0.33496,0,,0.28105,0.36415,13.08912,1.13156,1,0.64437,0.32639,11.83014,1.12584,1,
0,Games,445,7.31015,45065162276,0.38691,0.80965,6.70242,0.60773,15,1,0.39513,0.60846,1,0.49609,0.33496,0,,0.28464,0.35697,13.68437,1.09956,1,0.64770,0.31976,11.31962,1.09956,1,
0,Games,462,7.58948,45066033098,0.45551,0.46247,7.37592,0.21356,16,1,0.51401,0.78884,1,0.49609,0.33496,0,,0.29144,0.35960,12.33146,1.10451,1,0.65395,0.32501,11.60767,1.10451,1,
0,Games,482,7.91800,45067057109,0.59523,0.83546,7.65515,0.26285,17,1,0.64230,0.82996,1,0.49609,0.33496,0,,0.29615,0.36454,14.10715,1.17727,1,0.65932,0.32981,11.95369,1.17156,1,
0,Games,495,8.13150,45067722638,0.58726,0.62247,7.93439,0.19711,18,1,0.52778,0.32874,1,0.49609,0.33496,0,,0.29606,0.34872,14.22088,1.11441,1,0.65749,0.31559,12.33000,1.11441,1,
0,Games,526,8.64072,45069310057,0.57588,0.38150,8.19727,0.44345,19,1,0.63141,0.42069,1,0.49609,0.33496,0,,0.29531,0.35216,13.12421,1.09956,1,0.65743,0.31914,12.02285,1.09956,1,
0,Games,548,9.00211,45070436568,0.63029,0.40039,8.65723,0.34488,20,1,0.49773,0.78688,1,0.49609,0.33496,0,,0.29379,0.35927,12.51257,1.08470,1,0.65416,0.32626,11.30000,1.08470,1,
0,Games,570,9.36349,45071563048,0.45361,0.83014,9.06802,0.29547,21,1,0.39348,0.84391,1,0.49609,0.33496,0,,0.29072,0.36487,12.80252,1.13384,1,0.65333,0.32925,12.22734,1.13384,1,
0,Games,636,10.44772,45074942856,0.39583,0.83490,9.37997,1.06775,22,1,0.33643,0.80080,1,0.49609,0.33496,0,,0.28487,0.36542,12.07456,1.13156,1,0.64781,0.32667,11.31429,1.13156,1,
0,Games,642,10.54620,45075249834,0.35813,0.72363,10.46442,0.08179,23,1,0.31710,0.49638,1,0.49609,0.33496,0,,0.28635,0.35755,11.34322,1.09956,1,0.64811,0.32032,10.38203,1.09956,1,
0,Games,678,11.13757,45077093276,0.36988,0.32215,10.61209,0.52548,24,1,0.33977,0.59600,1,0.49609,0.33496,0,,0.28500,0.35893,10.86438,1.08965,1,0.64521,0.32041,9.05167,1.09460,1,
0,Games,699,11.48254,45078168689,0.39053,0.76672,11.20346,0.27908,25,1,0.34070,0.84850,1,0.49609,0.33496,0,,0.28158,0.36905,12.49894,1.11441,1,0.64363,0.32867,11.33230,1.11441,1,
0,Games,712,11.69647,45078835494,0.33346,0.65962,11.49908,0.19739,26,1,0.34106,0.56511,1,0.49609,0.33496,0,,0.27991,0.36047,14.03482,1.10184,1,0.64165,0.31969,12.04583,1.10184,1,
0,Games,729,11.97559,45079705583,0.38992,0.63187,11.76196,0.21362,27,1,0.41441,0.69554,1,0.49609,0.33496,0,,0.28321,0.36634,12.60882,1.14870,1,0.64462,0.32487,11.62279,1.14870,1,
0,Games,748,12.28754,45080678033,0.40795,0.70155,11.99194,0.29559,28,1,0.34997,0.75434,1,0.49609,0.33496,0,,0.28023,0.37167,14.14826,1.12584,1,0.64163,0.33033,11.89897,1.12584,1,
0,Games,776,12.74753,45082111948,0.40531,0.81247,12.35330,0.39423,29,1,0.35466,0.70632,1,0.49609,0.33496,0,,0.27548,0.36777,12.76158,1.13727,1,0.63730,0.32545,12.58406,1.14299,1,
0,Games,798,13.10904,45083238834,0.35751,0.74650,12.76404,0.34500,30,1,0.33799,0.73767,1,0.49609,0.33496,0,,0.27436,0.36757,14.02750,1.10451,1,0.63526,0.32570,12.18913,1.10946,1,
0,Games,822,13.50342,45084468231,0.31953,0.76503,13.12527,0.37814,31,1,0.33288,0.81621,1,0.49609,0.33496,0,,0.27027,0.37248,14.39529,1.12813,1,0.63280,0.32793,11.65915,1.12813,1,
0,Games,838,13.76605,45085286873,0.35199,0.86233,13.51953,0.24652,32,1,0.37855,0.85832,1,0.49609,0.33496,0,,0.27204,0.37292,14.31817,1.11441,1,0.63471,0.32852,10.84941,1.11441,1,
0,Games,889,14.60376,45087898214,0.41071,0.84023,13.78253,0.82123,33,1,0.43359,0.83461,1,0.49609,0.33496,0,,0.27907,0.37066,12.15100,1.14870,1,0.64092,0.32959,11.26341,1.14870,1,
0,Games,909,14.93240,45088922668,0.37574,0.59531,14.71890,0.21350,34,1,0.34515,0.93621,1,0.49609,0.33496,0,,0.27733,0.37055,11.89710,1.14299,1,0.63803,0.32872,10.22347,1.14870,1,
0,Games,942,15.47452,45090612545,0.41252,0.90613,14.99814,0.47638,35,1,0.40026,0.86318,1,0.49609,0.33496,0,,0.28012,0.37082,11.54309,1.16013,1,0.64108,0.32989,11.02919,1.15441,1,
0,Games,962,15.80313,45091636937,0.40339,0.80429,15.49103,0.31210,36,1,0.36309,0.54538,1,0.49609,0.33496,0,,0.27927,0.35951,12.63917,1.15441,1,0.63904,0.31956,9.89945,1.16013,1,
0,Games,982,16.13162,45092660908,0.38874,0.43103,15.86874,0.26288,37,1,0.39911,0.50543,1,0.49609,0.33496,0,,0.27877,0.36158,12.40178,1.15441,1,0.63874,0.32251,9.57882,1.15441,1,
0,Games,1016,16.69052,45094403170,0.39239,0.86081,16.19751,0.49301,38,1,0.41180,0.90420,1,0.49609,0.33496,0,,0.28196,0.36969,13.14918,1.16527,1,0.64446,0.33070,12.05362,1.17022,1,
0,Games,1030,16.92044,45095119860,0.51003,0.87969,16.70676,0.21368,39,1,0.60086,0.87290,1,0.49609,0.33496,0,,0.28836,0.36889,12.96336,1.09956,1,0.64992,0.33085,11.64991,1.09956,1,
0,Games,1053,17.29797,45096296762,0.58322,0.88141,16.93674,0.36124,40,1,0.60007,0.81220,1,0.49609,0.33496,0,,0.29421,0.36563,11.80365,1.12394,1,0.65650,0.32973,10.94468,1.11899,1,
0,Games,1069,17.56073,45097115760,0.53270,0.86972,17.31421,0.24652,41,1,0.27483,0.89066,1,0.49609,0.33496,0,,0.28412,0.36946,12.31128,1.11441,1,0.64596,0.33187,10.19181,1.11441,1,
0,Games,1099,18.05362,45098652238,0.33396,0.87368,17.62650,0.42712,42,1,0.46052,0.85505,1,0.49609,0.33496,0,,0.29128,0.36761,11.15210,1.09956,1,0.65309,0.33066,10.77624,1.09461,1,
0,Games,1154,18.95721,45101468985,0.61476,0.86768,18.11932,0.83789,43,1,0.58205,0.89206,1,0.49609,0.33496,0,,0.28344,0.37093,11.26770,1.11441,1,0.64453,0.33164,10.19705,1.11441,1,
0,Games,1177,19.33481,45102646051,0.59834,0.87142,18.97345,0.36136,44,1,0.60897,0.74924,1,0.49609,0.33496,0,,0.28254,0.36585,12.38895,1.11746,1,0.64261,0.32767,10.53851,1.10680,1,
0,Games,1197,19.66342,45103670422,0.76411,0.24422,19.45007,0.21335,45,1,0.78316,0.13425,1,0.49609,0.33496,0,,0.28600,0.35506,11.95205,1.15441,1,0.64564,0.31363,12.08561,1.14870,1,
0,Games,1211,19.89343,45104387363,0.78884,0.26107,19.67981,0.21362,46,1,0.61774,0.72392,1,0.49609,0.33496,0,,0.27980,0.36557,9.82059,1.12318,1,0.64362,0.31146,7.77367,1.11822,0,
0,Games,1243,20.41919,45106026305,0.63297,0.88021,19.95935,0.45984,47,1,0.64625,0.84973,1,0.49609,0.33496,0,,0.27996,0.37161,11.96961,1.15441,1,0.64079,0.32974,10.84223,1.15441,1,
0,Games,1268,20.82965,45107305821,0.61337,0.86835,20.43555,0.39410,48,1,0.59266,0.86873,1,0.49609,0.33496,0,,0.27846,0.37129,11.76861,1.15880,1,0.64034,0.33050,11.44203,1.15308,1,
0,Games,1296,21.28979,45108740166,0.57516,0.86664,20.84631,0.44348,49,1,0.58290,0.82175,1,0.49609,0.33496,0,,0.28269,0.36919,12.03087,1.13156,1,0.64369,0.32826,10.47025,1.13156,1,
0,Games,1325,21.76617,45110225150,0.55612,0.85439,21.30630,0.45987,50,1,0.52834,0.87823,1,0.49609,0.33496,0,,0.28126,0.36925,11.24437,1.12013,1,0.64285,0.32924,10.32035,1.12584,1,
0,Games,1347,22.12766,45111351981,0.47626,0.85338,21.78268,0.34497,51,1,0.38858,0.88385,1,0.49609,0.33496,0,,0.27758,0.37092,11.97270,1.11099,1,0.63843,0.32936,10.86843,1.11099,1,
0,Games,1365,22.42313,45112273063,0.35872,0.88625,22.14429,0.27884,52,1,0.35855,0.93735,1,0.49609,0.33496,0,,0.27332,0.37316,12.40593,1.14813,1,0.63409,0.33066,10.90027,1.14813,1,
0,Games,1385,22.75177,45113297505,0.32404,0.84015,22.43991,0.31186,53,1,0.40991,0.55777,1,0.49609,0.33496,0,,0.27474,0.36430,12.22512,1.12013,1,0.63384,0.32269,10.46000,1.12584,1,
0,Games,1414,23.22842,45114783298,0.39972,0.54952,22.81754,0.41089,54,1,0.37863,0.65030,1,0.49609,0.33496,0,,0.27088,0.36534,11.46761,1.13727,1,0.63082,0.32157,9.37959,1.13727,1,
0,Games,1429,23.47464,45115550867,0.37213,0.67035,23.24466,0.22998,55,1,0.38529,0.76975,1,0.49609,0.33496,0,,0.26879,0.37225,10.71199,1.11670,1,0.62789,0.32721,9.57102,1.11175,1,
0,Games,1453,23.86874,45116779365,0.38247,0.82128,23.49100,0.37775,56,1,0.33065,0.77140,1,0.49609,0.33496,0,,0.27021,0.36913,11.67286,1.14870,1,0.63069,0.32532,11.04845,1.14870,1,
0,Games,1474,24.21387,45117855209,0.33564,0.79442,23.88528,0.32858,57,1,0.37093,0.90381,1,0.49609,0.33496,0,,0.27275,0.37118,10.96646,1.14299,1,0.63356,0.32720,9.40380,1.13727,1,
0,Games,1501,24.65771,45119238796,0.35795,0.83030,24.23038,0.42734,58,1,0.35374,0.58472,1,0.49609,0.33496,0,,0.27131,0.36463,12.01240,1.14375,1,0.63292,0.32068,10.31960,1.14375,1,
0,Games,1520,24.96970,45120211294,0.36956,0.42726,24.72311,0.24658,59,1,0.38177,0.43445,1,0.49609,0.33496,0,,0.27235,0.35798,10.95439,1.10451,1,0.63339,0.31407,8.60189,1.10451,1,
0,Games,1539,25.28162,45121183617,0.38221,0.42695,24.98624,0.29538,60,1,0.40024,0.54159,1,0.49609,0.33496,0,,0.27089,0.35921,10.48135,1.08470,1,0.63198,0.31599,7.86940,1.08470,1,
0,Games,1559,25.61008,45122207526,0.37907,0.45539,25.29822,0.31186,61,1,0.39489,0.71436,1,0.49609,0.33496,0,,0.26901,0.36652,11.49574,1.13156,1,0.62990,0.32199,9.47263,1.13156,1,
0,Games,1587,26.07010,45123641521,0.38016,0.67425,25.67599,0.39410,62,1,0.43877,0.88575,1,0.49609,0.33496,0,,0.26958,0.37415,12.48069,1.13308,1,0.63071,0.32854,9.68275,1.14375,1,
0,Games,1617,26.56296,45125177889,0.45088,0.85321,26.13586,0.42709,63,1,0.55847,0.85574,1,0.49609,0.33496,0,,0.27469,0.37218,12.11360,1.14299,1,0.63459,0.32818,10.27929,1.14299,1,
0,Games,1631,26.79282,45125894390,0.51109,0.73720,26.57935,0.21347,64,1,0.48757,0.42318,1,0.49609,0.33496,0,,0.27527,0.36044,11.57962,1.14451,1,0.63457,0.31668,10.38889,1.14451,1,
0,Games,1648,27.07220,45126765343,0.47930,0.36770,26.85870,0.21350,65,1,0.51985,0.27960,1,0.49609,0.33496,0,,0.27824,0.35719,11.60957,1.11518,1,0.63845,0.31429,10.81237,1.12013,1,
0,Games,1664,27.33493,45127584329,0.51925,0.31488,27.08871,0.24622,66,1,0.54396,0.56516,1,0.49609,0.33496,0,,0.27954,0.36211,11.15404,1.12013,1,0.63915,0.31804,9.32283,1.12584,1,
0,Games,1689,27.74573,45128864873,0.53883,0.79892,27.40082,0.34491,67,1,0.55004,0.78394,1,0.49609,0.33496,0,,0.27962,0.37089,11.29619,1.10451,1,0.63999,0.32804,10.10780,1.10451,1,
0,Games,1694,27.82794,45129121089,0.55314,0.82023,27.76297,0.06497,68,1,0.55766,0.87758,1,0.49609,0.33496,0,,0.27863,0.36985,8.78288,1.13156,1,0.63843,0.32658,6.44301,1.13156,1,
0,Games,1751,28.76447,45132040482,0.45852,0.81023,28.18933,0.57513,69,1,0.49455,0.68141,1,0.49609,0.33496,0,,0.27805,0.36718,11.18206,1.11441,1,0.63895,0.32428,9.94951,1.11441,1,
0,Games,1770,29.07629,45133012498,0.47205,0.51701,28.82993,0.24637,70,1,0.44129,0.37964,1,0.49609,0.33496,0,,0.27613,0.35858,11.95366,1.12584,1,0.63585,0.31613,9.05463,1.12584,1,
0,Games,1790,29.40491,45134036894,0.43765,0.44995,29.09280,0.31210,71,1,0.46483,0.78846,1,0.49609,0.33496,0,,0.27710,0.37098,11.46345,1.13156,1,0.63649,0.32793,9.24592,1.13156,1,
0,Games,1815,29.81552,45135316865,0.48735,0.80608,29.47083,0.34470,72,1,0.56228,0.82680,1,0.49609,0.33496,0,,0.28002,0.37135,12.08219,1.14870,1,0.64046,0.32916,11.39728,1.14870,1,
0,Games,1847,30.34140,45136956183,0.55233,0.79575,29.83203,0.50937,73,1,0.52229,0.54253,1,0.49609,0.33496,0,,0.28061,0.36217,13.21270,1.13156,1,0.64109,0.31992,10.63469,1.12584,1,
0,Games,1866,30.65329,45137928352,0.53949,0.43598,30.40732,0.24597,74,1,0.52295,0.20414,1,0.49609,0.33496,0,,0.28397,0.35368,12.15595,1.11099,1,0.64408,0.31258,10.63003,1.11670,1,
0,Games,1897,31.16263,45139516149,0.54087,0.19919,30.71915,0.44348,75,1,0.53680,0.22016,1,0.49609,0.33496,0,,0.28256,0.35519,12.52360,1.09613,1,0.64270,0.31285,11.82262,1.09613,1,
0,Games,1927,31.65552,45141052616,0.57969,0.27145,31.17914,0.47638,76,1,0.58409,0.37829,1,0.49609,0.33496,0,,0.28721,0.35602,13.07109,1.14299,1,0.64792,0.31565,11.20711,1.13727,1,
0,Games,1951,32.04974,45142281480,0.59148,0.36290,31.67188,0.37787,77,1,0.56653,0.46083,1,0.49609,0.33496,0,,0.28510,0.36166,12.86613,1.10946,1,0.64540,0.31997,10.81364,1.12013,1,
0,Games,1971,32.37811,45143305094,0.56877,0.84845,32.11536,0.26276,78,1,0.54388,0.76253,1,0.49609,0.33496,0,,0.28071,0.36995,12.62661,1.11099,1,0.64054,0.32755,10.72865,1.11099,1,
0,Games,2019,33.16672,45145763378,0.52532,0.76376,32.39487,0.77185,79,1,0.58172,0.73897,1,0.49609,0.33496,0,,0.28073,0.36920,12.93268,1.14299,1,0.63982,0.32606,10.29639,1.13727,1,
0,Games,2057,33.79111,45147709685,0.56841,0.75030,33.18311,0.60800,80,1,0.60054,0.58577,1,0.49609,0.33496,0,,0.28322,0.36468,12.93303,1.14527,1,0.64315,0.32279,11.26655,1.13956,1,
0,Games,2098,34.46457,45149809099,0.58920,0.38652,33.85681,0.60776,81,1,0.61753,0.47730,1,0.49609,0.33496,0,,0.28400,0.36116,12.30336,1.13803,1,0.64477,0.31858,11.06625,1.13232,1,
0,Games,2125,34.90796,45151191244,0.61399,0.51583,34.48099,0.42697,82,1,0.60417,0.62945,1,0.49609,0.33496,0,,0.28295,0.36593,12.33379,1.09956,1,0.64379,0.32374,10.89622,1.09956,1,
0,Games,2175,35.72958,45153752392,0.59450,0.81844,34.97372,0.75586,83,1,0.51602,0.80836,1,0.49609,0.33496,0,,0.27987,0.37192,11.77880,1.13156,1,0.64134,0.32918,10.48206,1.13156,1,
0,Games,2194,36.04144,45154724502,0.46962,0.83359,35.74579,0.29565,84,1,0.43183,0.81844,1,0.49609,0.33496,0,,0.27605,0.37409,11.30827,1.11441,1,0.63618,0.33158,10.20406,1.10946,1,
0,Games,2213,36.35382,45155698262,0.39467,0.86505,36.05795,0.29587,85,1,0.33685,0.79638,1,0.49609,0.33496,0,,0.27387,0.37322,12.71952,1.16584,1,0.63473,0.32885,11.66936,1.16013,1,
0,Games,2239,36.78070,45157028935,0.33433,0.34902,36.46869,0.31201,86,1,0.32653,0.28414,1,0.49609,0.33496,0,,0.27522,0.35863,13.31099,1.11175,1,0.63677,0.31639,10.42758,1.12241,1,
0,Games,2268,37.25717,45158514294,0.37118,0.32753,36.79730,0.45987,87,1,0.36009,0.33920,1,0.49609,0.33496,0,,0.27054,0.36070,13.32738,1.11099,1,0.63147,0.31617,10.45804,1.10527,1,
0,Games,2295,37.70081,45159897120,0.38521,0.35427,37.27356,0.42725,88,1,0.26715,0.44959,1,0.49609,0.33496,0,,0.26991,0.36302,13.27609,1.11441,1,0.63113,0.31801,10.66154,1.11441,1,
0,Games,2317,38.06204,45161023221,0.29082,0.39263,37.71716,0.34488,89,1,0.29036,0.33981,1,0.49609,0.33496,0,,0.27211,0.36244,12.44405,1.14375,1,0.63367,0.31879,10.38389,1.14375,1,
0,Games,2358,38.73557,45163122753,0.37839,0.86202,38.17715,0.55841,90,1,0.36246,0.65891,1,0.49609,0.33496,0,,0.27430,0.37065,12.82139,1.12432,1,0.63456,0.32655,10.98276,1.13670,1,
0,Games,2378,39.06415,45164147018,0.41561,0.65536,38.80124,0.26291,91,1,0.57350,0.53031,1,0.49609,0.33496,0,,0.27668,0.36610,13.31565,1.15384,1,0.63671,0.32264,11.12127,1.16451,1,
0,Games,2394,39.32687,45164966022,0.49364,0.62505,39.13004,0.19684,92,1,0.39180,0.82763,1,0.49609,0.33496,0,,0.27156,0.37818,13.15000,1.14299,1,0.63122,0.33343,10.59466,1.14870,1,
0,Games,2417,39.70486,45166144308,0.38475,0.84510,39.39276,0.31210,93,1,0.40763,0.89672,1,0.49609,0.33496,0,,0.26873,0.37947,13.19209,1.15156,1,0.62825,0.33242,11.73462,1.15156,1,
0,Games,2435,40.00049,45167065844,0.40604,0.87139,39.72125,0.27924,94,1,0.41175,0.87489,1,0.49609,0.33496,0,,0.26907,0.37247,12.53163,1.13880,1,0.62962,0.32635,11.23348,1.13308,1,
0,Games,2479,40.72324,45169318761,0.40980,0.39216,40.31262,0.41061,95,1,0.41015,0.46478,1,0.49609,0.33496,0,,0.27048,0.36223,12.12170,1.11670,1,0.63156,0.31699,9.33268,1.11670,1,
0,Games,2496,41.00259,45170189638,0.39025,0.41139,40.73978,0.26282,96,1,0.41540,0.82941,1,0.49609,0.33496,0,,0.27477,0.37098,9.71964,1.12584,1,0.63371,0.32237,10.06016,1.12013,0,
0,Games,2516,41.33096,45171213243,0.44556,0.86115,41.06879,0.26218,97,1,0.41769,0.85221,1,0.49609,0.33496,0,,0.27397,0.37555,12.28031,1.15441,1,0.63495,0.33111,10.52984,1.15441,1,
0,Games,2548,41.85715,45172853430,0.42340,0.87232,41.34775,0.50940,98,1,0.37650,0.89143,1,0.49609,0.33496,0,,0.27178,0.37592,11.65999,1.18299,1,0.63348,0.33114,9.48096,1.18299,1,
0,Games,2578,42.34946,45174388129,0.40916,0.86052,41.87320,0.47626,99,1,0.45960,0.88009,1,0.49609,0.33496,0,,0.27437,0.37482,11.32935,1.13727,1,0.63503,0.33032,10.15734,1.13727,1,
0,Games,2591,42.56335,45175054890,0.45590,0.61912,42.36609,0.19727,100,1,0.42035,0.29205,1,0.49609,0.33496,0,,0.27365,0.36223,12.52932,1.17156,1,0.63384,0.31875,9.29434,1.17156,1,
0,Games,2628,43.17096,45176948939,0.43878,0.37150,42.62885,0.54211,101,1,0.41109,0.49367,1,0.49609,0.33496,0,,0.27112,0.36730,12.49611,1.11670,1,0.63080,0.32293,10.51955,1.11670,1,
0,Games,2655,43.61444,45178331339,0.43288,0.52832,43.23672,0.37772,102,1,0.44968,0.45877,1,0.49609,0.33496,0,,0.27389,0.36557,13.01735,1.10451,1,0.63510,0.32190,11.08412,1.10946,1,
0,Games,2706,44.45230,45180943184,0.45564,0.81981,43.72943,0.72287,103,1,0.48775,0.86902,0,0.49609,0.33496,0,,0.27642,0.37204,10.64872,1.11441,0,0.63686,0.32924,9.39202,1.11441,0,
0,Games,2739,44.99442,45182633115,0.55516,0.83818,44.71506,0.27936,104,1,0.61084,0.85550,1,0.49609,0.33496,0,,0.27871,0.37310,10.59222,1.16013,1,0.63998,0.33042,10.46362,1.16013,1,
0,Games,2766,45.43790,45184015525,0.45726,0.75815,45.06018,0.37772,105,1,0.35006,0.74133,1,0.49609,0.33496,0,,0.27193,0.37370,11.50797,1.18870,1,0.63313,0.33098,9.40747,1.19441,1,
0,Games,2788,45.79941,45185142442,0.37450,0.77589,45.45444,0.34497,106,1,0.34547,0.80600,1,0.49609,0.33496,0,,0.27085,0.37519,11.34223,1.11975,1,0.63205,0.33141,10.78115,1.11975,1,
0,Games,2822,46.35803,45186883810,0.35666,0.79114,45.81577,0.54227,107,1,0.34991,0.65720,1,0.49609,0.33496,0,,0.26926,0.37319,12.38049,1.11670,1,0.62955,0.32694,11.20369,1.12165,1,
0,Games,2845,46.73593,45188061756,0.41709,0.38173,46.42529,0.31064,108,1,0.46238,0.44603,1,0.49609,0.33496,0,,0.27470,0.36843,13.91032,1.14870,1,0.63392,0.32430,11.16215,1.14870,1,
0,Games,2870,47.14648,45189341535,0.49638,0.50756,46.80139,0.34509,109,1,0.56438,0.73257,1,0.49609,0.33496,0,,0.27611,0.37244,13.68494,1.14870,1,0.63460,0.32904,12.09955,1.14299,1,
0,Games,2893,47.52426,45190519157,0.54976,0.76543,47.21213,0.31213,110,1,0.55325,0.78423,1,0.49609,0.33496,0,,0.27639,0.37560,13.93386,1.15441,1,0.63593,0.33052,12.23158,1.14870,1,
0,Games,2910,47.80350,45191389648,0.58067,0.74301,47.54062,0.26288,111,1,0.54391,0.54371,1,0.49609,0.33496,0,,0.27470,0.36771,14.21511,1.12584,1,0.63402,0.32313,11.61990,1.12013,1,
0,Games,2936,48.23062,45192721082,0.53200,0.58761,47.86926,0.36136,112,1,0.51828,0.77103,0,0.49609,0.33496,0,,0.27822,0.36713,10.36017,1.15099,0,0.63771,0.32574,8.07154,1.15670,0,
0,Games,2965,48.70700,45194206105,0.56255,0.67230,48.39474,0.31226,113,1,0.60236,0.68854,1,0.49609,0.33496,0,,0.28142,0.36931,13.62888,1.11518,1,0.64268,0.32800,12.05532,1.10946,1,
0,Games,2997,49.23260,45195844518,0.57673,0.71709,48.72363,0.50897,114,1,0.60267,0.86281,1,0.49609,0.33496,0,,0.28260,0.37238,14.36591,1.11441,1,0.64273,0.32978,12.81691,1.11441,1,
0,Games,3027,49.72549,45197380991,0.56572,0.83704,49.29837,0.42712,115,1,0.49767,0.83072,1,0.49609,0.33496,0,,0.28048,0.37325,14.27583,1.10108,1,0.64146,0.33252,12.00082,1.09613,1,
0,Games,3046,50.03876,45198357506,0.54918,0.79064,49.74203,0.29672,116,1,0.55860,0.51320,1,0.49609,0.33496,0,,0.28164,0.36386,14.34892,1.10946,1,0.64117,0.32377,13.20805,1.11441,1,
0,Games,3083,50.64536,45200248367,0.53003,0.34809,50.10339,0.54196,117,1,0.58258,0.43116,1,0.49609,0.33496,0,,0.28076,0.36071,13.39605,1.11441,1,0.64073,0.31895,12.00828,1.11441,1,
0,Games,3111,51.10559,45201683061,0.55342,0.37430,50.66183,0.44376,118,1,0.50746,0.44461,1,0.49609,0.33496,0,,0.27988,0.36272,14.35768,1.11594,1,0.64052,0.32120,11.90882,1.12660,1,
0,Games,3130,51.41757,45202655557,0.53409,0.41832,51.12183,0.29575,119,1,0.53905,0.42232,1,0.49609,0.33496,0,,0.27996,0.36277,14.00426,1.13156,1,0.64079,0.32108,11.77512,1.13156,1,
0,Games,3152,51.77881,45203781626,0.52881,0.75761,51.48322,0.29559,120,1,0.55124,0.86687,1,0.49609,0.33496,0,,0.28188,0.37121,12.81501,1.09956,1,0.64306,0.32861,11.43006,1.09956,1,
0,Games,3179,52.22260,45205165042,0.54809,0.80934,51.79535,0.42725,121,1,0.41555,0.82106,1,0.49609,0.33496,0,,0.27528,0.37372,13.58697,1.11441,1,0.63786,0.33015,11.85621,1.11441,1,
0,Games,3201,52.58380,45206291010,0.36216,0.82239,52.28818,0.29562,122,1,0.31828,0.84947,1,0.49609,0.33496,0,,0.27391,0.37474,12.98908,1.07480,1,0.63534,0.33053,12.15253,1.07975,1,
0,Games,3227,53.01093,45207622380,0.35371,0.80813,52.60019,0.41074,123,1,0.40468,0.77372,1,0.49609,0.33496,0,,0.27579,0.37243,13.74864,1.08470,1,0.63775,0.32994,11.83734,1.08965,1,
0,Games,3234,53.12592,45207980854,0.41096,0.64649,53.02728,0.09863,124,1,0.38317,0.37668,1,0.49609,0.33496,0,,0.27673,0.36483,13.38783,1.13156,1,0.63698,0.32279,11.44989,1.13156,1,
0,Games,3254,53.45441,45209004848,0.42303,0.52387,53.19168,0.26273,125,1,0.47178,0.72691,1,0.49609,0.33496,0,,0.27874,0.37144,13.59912,1.09041,1,0.63772,0.32943,10.85797,1.10108,1,
0,Games,3274,53.78305,45210029300,0.44574,0.65380,53.52032,0.26273,126,1,0.39679,0.40267,1,0.49609,0.33496,0,,0.27380,0.36351,14.86206,1.11441,1,0.63298,0.32079,11.26956,1.11441,1,
0,Games,3292,54.07877,45210951162,0.41654,0.51224,53.84888,0.22989,127,1,0.43972,0.81668,1,0.49609,0.33496,0,,0.27481,0.37549,14.02516,1.14946,1,0.63331,0.33242,12.05007,1.14946,1,
0,Games,3336,54.80167,45213204564,0.39088,0.75908,54.14441,0.65726,128,1,0.52624,0.76621,1,0.49609,0.33496,0,,0.27747,0.37210,13.99894,1.11099,1,0.63868,0.32922,11.56762,1.11670,1,
0,Games,3359,55.17941,45214382067,0.52906,0.75120,54.81790,0.36151,129,1,0.57550,0.78973,1,0.49609,0.33496,0,,0.28386,0.36991,13.81095,1.12318,1,0.64480,0.32905,11.41897,1.11822,1,
0,Games,3373,55.40924,45215098583,0.59036,0.65266,55.19577,0.21347,130,1,0.59998,0.57486,1,0.49609,0.33496,0,,0.28403,0.36544,13.67914,1.14946,1,0.64492,0.32506,12.14943,1.15441,1,
0,Games,3402,55.88562,45216583516,0.57311,0.59238,55.42563,0.45999,131,1,0.54239,0.47840,1,0.49609,0.33496,0,,0.28233,0.36152,13.43186,1.09613,1,0.64258,0.32181,11.21841,1.10184,1,
0,Games,3419,56.16501,45217454472,0.54588,0.53492,55.90213,0.26288,132,1,0.50448,0.77431,1,0.49609,0.33496,0,,0.28244,0.36978,13.30187,1.10451,1,0.64261,0.32922,11.89139,1.10451,1,
0,Games,3454,56.73996,45219246659,0.51473,0.72123,56.23099,0.50897,133,1,0.48464,0.68967,1,0.49609,0.33496,0,,0.27894,0.37081,14.16095,1.12813,1,0.64045,0.32938,12.01331,1.12241,1,
0,Games,3474,57.06860,45220271197,0.46462,0.66869,56.75638,0.31223,134,1,0.53973,0.58115,1,0.49609,0.33496,0,,0.27957,0.36864,14.93141,1.11099,1,0.64111,0.32629,12.16684,1.11670,1,
0,Games,3489,57.31485,45221038795,0.56931,0.53667,57.08487,0.22998,135,1,0.57435,0.46339,1,0.49609,0.33496,0,,0.28027,0.36395,14.09560,1.14299,1,0.64146,0.32290,12.36524,1.14870,1,
0,Games,3504,57.56299,45221812296,0.54255,0.56753,57.33136,0.23163,136,1,0.52205,0.68518,1,0.49609,0.33496,0,,0.27682,0.37090,13.31159,1.10184,1,0.63774,0.32723,11.77072,1.10184,1,
0,Games,3529,57.97192,45223087006,0.50566,0.65777,57.57773,0.39420,137,1,0.47732,0.45509,1,0.49609,0.33496,0,,0.27910,0.36248,13.81725,1.17156,1,0.63999,0.32152,12.28039,1.17156,1,
0,Games,3578,58.77686,45225596148,0.48821,0.32473,58.03772,0.73914,138,1,0.50908,0.33599,1,0.49609,0.33496,0,,0.28083,0.36082,14.82955,1.13956,1,0.64220,0.31839,12.90303,1.15022,1,
0,Games,3612,59.33545,45227337464,0.45424,0.68942,58.84283,0.49261,139,1,0.41249,0.66146,1,0.49609,0.33496,0,,0.27613,0.37095,13.67539,1.11441,1,0.63834,0.32624,12.93066,1.11441,1,
0,Games,3633,59.68033,45228412558,0.43301,0.68928,59.35181,0.32852,140,1,0.45761,0.60871,1,0.49609,0.33496,0,,0.27618,0.36888,13.67217,1.13956,1,0.63744,0.32556,12.27685,1.13956,1,
0,Games,3650,59.95956,45229282962,0.48202,0.57732,59.69696,0.26260,141,1,0.52539,0.42846,1,0.49609,0.33496,0,,0.27714,0.36375,14.28535,1.09956,1,0.63773,0.32064,11.68228,1.09956,1,
0,Games,3677,60.40472,45230670669,0.51231,0.39733,60.02545,0.37927,142,1,0.51642,0.54811,1,0.49609,0.33496,0,,0.27665,0.36595,13.48268,1.08965,1,0.63689,0.32268,11.34613,1.08965,1,
0,Games,3720,61.10968,45232868133,0.49919,0.56297,60.46960,0.64008,143,1,0.53947,0.50979,1,0.49609,0.33496,0,,0.27720,0.36522,13.89046,1.10451,1,0.63883,0.32147,12.28240,1.09956,1,
0,Games,3737,61.38892,45233738585,0.54951,0.44777,61.12604,0.26288,144,1,0.61631,0.35136,1,0.49609,0.33496,0,,0.28165,0.36034,13.61849,1.14299,1,0.64252,0.31795,11.15304,1.13727,1,
0,Games,3765,61.84894,45235172578,0.59284,0.35114,61.40515,0.44379,145,1,0.55282,0.39624,1,0.49609,0.33496,0,,0.27890,0.36220,12.78935,1.16013,1,0.64012,0.31927,11.22525,1.15441,1,
0,Games,3779,62.07880,45235889134,0.50831,0.51880,61.86526,0.21353,146,1,0.51274,0.61422,1,0.49609,0.33496,0,,0.27804,0.36636,13.61139,1.12089,1,0.63881,0.32394,11.89295,1.11594,1,
0,Games,3799,62.40778,45236914595,0.52687,0.52525,62.09515,0.31262,147,1,0.57605,0.41625,1,0.49609,0.33496,0,,0.27861,0.36303,13.61770,1.09956,1,0.64031,0.31963,11.34551,1.09956,1,
0,Games,3818,62.71939,45237885973,0.50757,0.48637,62.42377,0.29562,148,1,0.46867,0.49795,1,0.49609,0.33496,0,,0.27252,0.36823,13.13643,1.14299,1,0.63392,0.32251,10.91012,1.14299,1,
0,Games,3832,62.94952,45238603356,0.46096,0.58919,62.73590,0.21362,149,1,0.43489,0.68329,1,0.49609,0.33496,0,,0.27224,0.37212,12.38243,1.05499,1,0.63346,0.32683,11.56266,1.05499,1,
0,Games,3854,63.31076,45239729433,0.41504,0.66158,62.96591,0.34485,150,1,0.38545,0.69321,1,0.49609,0.33496,0,,0.26877,0.37495,13.02692,1.16584,1,0.62824,0.32818,12.09007,1.16013,1,
0,Games,3876,63.67224,45240856266,0.36088,0.72793,63.32715,0.34509,151,1,0.35060,0.74908,1,0.49609,0.33496,0,,0.26351,0.37706,13.54989,1.11670,1,0.62382,0.32833,12.65806,1.11670,1,
0,Games,3902,64.09943,45242187870,0.32951,0.76960,63.68875,0.41068,152,1,0.32986,0.50843,1,0.49609,0.33496,0,,0.26890,0.36886,13.67773,1.09956,1,0.62850,0.32184,12.46266,1.10451,1,
0,Games,3927,64.51007,45243468006,0.32690,0.44983,64.16516,0.34491,153,1,0.37283,0.53231,0,0.49609,0.33496,0,,0.26655,0.36561,11.76626,1.14299,0,0.62688,0.31906,11.32377,1.14870,0,
0,Games,3964,65.11810,45245363316,0.34376,0.80388,64.77274,0.34537,154,1,0.37327,0.76199,1,0.49609,0.33496,0,,0.26786,0.37446,12.43336,1.07975,1,0.62808,0.32726,12.39410,1.07975,1,
0,Games,3997,65.65997,45247052506,0.36556,0.75917,65.13437,0.52560,155,1,0.46393,0.73480,1,0.49609,0.33496,0,,0.27539,0.37622,12.66953,1.15441,1,0.63505,0.33184,11.51063,1.15441,1,
0,Games,4019,66.02148,45248179423,0.60209,0.75589,65.72604,0.29544,156,1,0.56549,0.51766,1,0.49609,0.33496,0,,0.27567,0.36774,13.37903,1.11022,1,0.63370,0.32431,11.96216,1.11594,1,
0,Games,4039,66.34998,45249203378,0.59241,0.42364,66.08710,0.26288,157,1,0.60815,0.31676,1,0.49609,0.33496,0,,0.27714,0.36153,12.46421,1.11175,1,0.63572,0.31739,10.93113,1.11670,1,
0,Games,4063,66.74423,45250432382,0.61216,0.32475,66.36621,0.37802,158,1,0.61069,0.47087,1,0.49609,0.33496,0,,0.27846,0.36368,12.48254,1.10527,1,0.63701,0.31912,10.56038,1.10032,1,
0,Games,4087,67.13889,45251662606,0.64086,0.48711,66.80997,0.32892,159,1,0.63326,0.71902,1,0.49609,0.33496,0,,0.27913,0.37327,12.91102,1.17727,1,0.63795,0.32893,11.41760,1.17156,1,
0,Games,4114,67.58182,45253043324,0.61937,0.83725,67.20435,0.37747,160,1,0.59379,0.81827,1,0.49609,0.33496,0,,0.27610,0.37365,12.11160,1.12013,1,0.63609,0.32836,10.72662,1.12584,1,
0,Games,4131,67.86121,45253914242,0.49660,0.83926,67.59848,0.26273,161,1,0.36068,0.87742,1,0.49609,0.33496,0,,0.27001,0.37587,12.62794,1.11594,1,0.62996,0.32939,11.23719,1.11022,1,
0,Games,4149,68.15692,45254836114,0.38198,0.83854,67.87784,0.27908,162,1,0.37736,0.80489,1,0.49609,0.33496,0,,0.26709,0.37775,12.85206,1.17156,1,0.62777,0.32931,11.19671,1.17727,1,
0,Games,4167,68.45270,45255758055,0.41131,0.82815,68.17401,0.27869,163,1,0.46464,0.83515,1,0.49609,0.33496,0,,0.26630,0.37728,10.98618,1.13156,1,0.62663,0.32882,9.97461,1.13156,1,
0,Games,4186,68.76480,45256730961,0.45962,0.79828,68.46921,0.29559,164,1,0.46915,0.56515,1,0.49609,0.33496,0,,0.26769,0.36863,12.32227,1.10946,1,0.62616,0.32367,11.16307,1.10946,1,
0,Games,4226,69.42166,45258778548,0.44439,0.26108,68.87979,0.54187,165,1,0.44205,0.51973,1,0.49609,0.33496,0,,0.26992,0.36700,12.70549,1.18299,1,0.62876,0.32085,10.98936,1.17727,1,
0,Games,4272,70.17764,45261135165,0.42409,0.79963,69.48822,0.68942,166,1,0.38281,0.75695,1,0.49609,0.33496,0,,0.26844,0.37514,12.48584,1.12584,1,0.62981,0.32630,12.18562,1.13156,1,
0,Games,4286,70.40765,45261852128,0.44415,0.65582,70.19492,0.21274,167,1,0.45873,0.65134,1,0.49609,0.33496,0,,0.27225,0.37190,11.96860,1.10680,1,0.63338,0.32543,12.37324,1.10680,1,
0,Games,4305,70.71957,45262824452,0.49734,0.58597,70.42389,0.29568,168,1,0.51689,0.53209,1,0.49609,0.33496,0,,0.27741,0.36561,14.06435,1.11441,1,0.63865,0.32138,12.04867,1.11441,1,
0,Games,4320,70.96634,45263593655,0.51749,0.46340,70.73602,0.23032,169,1,0.50938,0.35701,1,0.49609,0.33496,0,,0.27671,0.36257,13.21777,1.12584,1,0.63676,0.31849,11.24543,1.13156,1,
0,Games,4355,71.54102,45265385080,0.50969,0.37570,70.98251,0.55850,170,1,0.46690,0.65696,1,0.49609,0.33496,0,,0.27696,0.36876,12.59350,1.07975,1,0.63690,0.32469,11.25111,1.07975,1,
0,Games,4380,71.95163,45266665105,0.46723,0.64344,71.60663,0.34500,171,1,0.42566,0.59427,1,0.49609,0.33496,0,,0.27289,0.37124,13.24734,1.13956,1,0.63335,0.32591,12.64520,1.14527,1,
0,Games,4403,72.32965,45267843465,0.45814,0.63580,71.96857,0.36108,172,1,0.41897,0.44985,1,0.49609,0.33496,0,,0.27123,0.36483,13.89523,1.12584,1,0.63144,0.32017,11.99375,1.12584,1,
0,Games,4430,72.77298,45269225438,0.42360,0.50268,72.39523,0.37775,173,1,0.36741,0.73443,1,0.49609,0.33496,0,,0.27096,0.37270,12.93252,1.08470,1,0.63192,0.32604,13.00842,1.08470,1,
0,Games,4451,73.11798,45270300887,0.34835,0.74809,72.83862,0.27936,174,1,0.32939,0.81124,1,0.49609,0.33496,0,,0.26890,0.37613,13.69826,1.10941,1,0.63047,0.32830,12.89526,1.12441,1,
0,Games,4476,73.52872,45271581242,0.32813,0.78258,73.13437,0.39435,175,1,0.36876,0.65915,1,0.49609,0.33496,0,,0.26948,0.37396,13.90696,1.11099,1,0.63061,0.32550,12.75987,1.11099,1,
0,Games,4490,73.75876,45272298349,0.36680,0.58394,73.54498,0.21378,176,1,0.30415,0.27011,1,0.49609,0.33496,0,,0.26970,0.36204,14.00550,1.11299,1,0.62982,0.31414,11.89334,1.11299,1,
0,Games,4512,74.12009,45273424703,0.36873,0.23337,73.82440,0.29568,177,1,0.38373,0.18778,1,0.49609,0.33496,0,,0.27257,0.36015,12.24635,1.13880,1,0.63305,0.31294,11.41779,1.14375,1,
0,Games,4541,74.59647,45274909646,0.39959,0.19840,74.13651,0.45996,178,1,0.32098,0.24092,1,0.49609,0.33496,0,,0.26322,0.36308,13.14303,1.11441,1,0.62408,0.31318,11.39347,1.11441,1,
0,Games,4574,75.13873,45276600056,0.26793,0.29150,74.66208,0.47665,179,1,0.24794,0.26517,1,0.49609,0.33496,0,,0.26496,0.36419,13.91571,1.13727,1,0.62609,0.31433,12.44920,1.14299,1,
0,Games,4598,75.53311,45277829373,0.25429,0.28755,75.15497,0.37814,180,1,0.31315,0.53962,1,0.49609,0.33496,0,,0.26118,0.36949,13.30425,1.08965,1,0.62137,0.31875,11.49847,1.08965,1,
0,Games,4626,75.99280,45279262382,0.34754,0.75470,75.59845,0.39435,181,1,0.33394,0.71304,1,0.49609,0.33496,0,,0.26645,0.37609,13.71747,1.12241,1,0.62714,0.32706,12.20516,1.11670,1,
0,Games,4652,76.41980,45280593452,0.35174,0.75642,76.00919,0.41061,182,1,0.39650,0.80245,1,0.49609,0.33496,0,,0.26615,0.37670,13.00842,1.12013,1,0.62696,0.32730,12.10587,1.12584,1,
0,Games,4686,76.97842,45282334779,0.36803,0.80931,76.43619,0.54224,183,1,0.32257,0.81920,1,0.49609,0.33496,0,,0.26725,0.37811,12.90504,1.10680,1,0.62861,0.32971,11.77105,1.10680,1,
0,Games,4704,77.27405,45283256269,0.30138,0.71206,76.99481,0.27924,184,1,0.30300,0.57660,1,0.49609,0.33496,0,,0.26844,0.36887,11.77218,1.11822,1,0.62875,0.32378,10.80690,1.12889,1,
0,Games,4726,77.63556,45284383179,0.30630,0.54186,77.33981,0.29575,185,1,0.43759,0.44163,1,0.49609,0.33496,0,,0.26698,0.36781,12.74477,1.12013,1,0.62684,0.32030,10.13681,1.12013,1,
0,Games,4743,77.91498,45285254239,0.49334,0.40976,77.70102,0.21396,186,1,0.40124,0.74536,1,0.49609,0.33496,0,,0.26495,0.37682,11.23924,1.09461,1,0.62237,0.32747,10.94235,1.09956,1,
0,Games,4764,78.25967,45286328721,0.37237,0.75709,77.98041,0.27927,187,1,0.31028,0.78667,1,0.49609,0.33496,0,,0.26316,0.37700,12.45798,1.14527,1,0.62379,0.32729,10.99808,1.14527,1,
0,Games,4797,78.80191,45288019049,0.31657,0.80183,78.27615,0.52576,188,1,0.35365,0.84670,1,0.49609,0.33496,0,,0.26671,0.37822,13.30933,1.09956,1,0.62748,0.32904,10.93357,1.09956,1,
0,Games,4812,79.04813,45288786554,0.41119,0.79845,78.81815,0.22998,189,1,0.45164,0.73245,1,0.49609,0.33496,0,,0.26904,0.37439,12.09706,1.12165,1,0.62958,0.32723,10.42461,1.12661,1,
0,Games,4831,79.36038,45289759939,0.46530,0.75063,79.06470,0.29568,190,1,0.48053,0.69715,1,0.49609,0.33496,0,,0.27362,0.37286,12.06981,1.11670,1,0.63329,0.32719,11.04920,1.11099,1,
0,Games,4847,79.62317,45290579044,0.48231,0.66406,79.37668,0.24649,191,1,0.45899,0.21277,1,0.49609,0.33496,0,,0.27314,0.36191,12.19926,1.14870,1,0.63141,0.31509,9.70815,1.14870,1,
0,Games,4864,79.90237,45291449392,0.47991,0.20992,79.68890,0.21347,192,1,0.46500,0.15513,1,0.49609,0.33496,0,,0.27381,0.35878,11.17754,1.16013,1,0.63298,0.31308,9.30731,1.16013,1,
0,Games,4895,80.41162,45293036842,0.52404,0.37543,79.96814,0.44348,193,1,0.50766,0.57212,1,0.49609,0.33496,0,,0.27315,0.36915,12.07442,1.15441,1,0.63188,0.32401,10.94839,1.16013,1,
0,Games,4915,80.74011,45294060825,0.49843,0.71669,80.47739,0.26273,194,1,0.48071,0.77603,1,0.49609,0.33496,0,,0.26939,0.37626,11.98326,1.11670,1,0.62805,0.32974,10.15372,1.12241,1,
0,Games,4953,81.36450,45296007197,0.46022,0.68495,80.75677,0.60773,195,1,0.50021,0.65949,1,0.49609,0.33496,0,,0.27011,0.37222,13.22140,1.15442,1,0.62935,0.32553,12.45698,1.14870,1,
0,Games,4969,81.62735,45296826606,0.50509,0.60846,81.38110,0.24625,196,1,0.50164,0.55828,1,0.49609,0.33496,0,,0.27406,0.36812,13.25585,1.10946,1,0.63315,0.32281,12.07300,1.10946,1,
0,Games,4984,81.87387,45297595029,0.52621,0.49104,81.64371,0.23016,197,1,0.50817,0.43064,1,0.49609,0.33496,0,,0.27641,0.36580,13.09643,1.12242,1,0.63539,0.32024,11.75452,1.12242,1,
0,Games,5018,82.43222,45299335499,0.58407,0.47563,81.89023,0.54199,198,1,0.54868,0.55025,1,0.49609,0.33496,0,,0.27866,0.36352,12.58908,1.10680,1,0.63749,0.32107,10.11931,1.10108,1,
0,Games,5039,82.77722,45300410979,0.54808,0.56430,82.44873,0.32849,199,1,0.53805,0.66532,1,0.49609,0.33496,0,,0.27525,0.37130,13.09365,1.09956,1,0.63491,0.32613,12.27375,1.09956,1,
0,Games,5071,83.30286,45302049491,0.50250,0.62901,82.84280,0.46005,200,1,0.48807,0.55804,1,0.49609,0.33496,0,,0.27539,0.36881,13.49496,1.14870,1,0.63484,0.32304,10.22712,1.15442,1,
0,Games,5084,83.51645,45302715349,0.50293,0.40305,83.31937,0.19708,201,1,0.45885,0.31601,1,0.49609,0.33496,0,,0.27226,0.36312,12.72142,1.11513,1,0.63057,0.31863,10.74942,1.12442,1,
0,Games,5115,84.02570,45304302781,0.47770,0.31325,83.53284,0.49286,202,1,0.45825,0.28874,1,0.49609,0.33496,0,,0.27176,0.36081,12.92737,1.07480,1,0.63010,0.31474,11.66337,1.07975,1,
0,Games,5128,84.23917,45304968260,0.44499,0.44552,84.04221,0.19696,203,1,0.46307,0.68771,1,0.49609,0.33496,0,,0.27147,0.37159,12.23451,1.12013,1,0.62973,0.32639,11.66443,1.11442,1,
0,Games,5138,84.40356,45305480687,0.44772,0.72200,84.30484,0.09872,204,1,0.44835,0.76763,1,0.49609,0.33496,0,,0.27096,0.37086,10.37039,1.10527,1,0.63036,0.32469,11.16840,1.11099,1,
0,Games,5182,85.12631,45307733628,0.43519,0.73482,84.71558,0.41074,205,1,0.40487,0.47993,1,0.49609,0.33496,0,,0.27057,0.36752,13.38535,1.13384,1,0.62961,0.32021,11.87722,1.13384,1,
0,Games,5212,85.61920,45309270096,0.43901,0.44775,85.19205,0.42715,206,1,0.44818,0.48605,1,0.49609,0.33496,0,,0.27071,0.36612,12.45452,1.11518,1,0.63028,0.31990,11.04504,1.11518,1,
0,Games,5226,85.84918,45309987020,0.43177,0.58921,85.63571,0.21347,207,1,0.41053,0.77712,1,0.49609,0.33496,0,,0.26972,0.37636,12.94069,1.11442,1,0.62893,0.32902,11.08478,1.11442,1,
0,Games,5248,86.21054,45311113483,0.40889,0.75980,85.91495,0.29559,208,1,0.37920,0.76312,1,0.49609,0.33496,0,,0.26623,0.37745,13.49389,1.13384,1,0.62589,0.32829,12.31205,1.13384,1,
0,Games,5273,86.62128,45312393830,0.38457,0.77142,86.22693,0.39435,209,1,0.40248,0.79703,1,0.49609,0.33496,0,,0.26628,0.37746,13.33888,1.12584,1,0.62558,0.32818,12.08902,1.12584,1,
0,Games,5310,87.22900,45314288260,0.38718,0.75898,86.63751,0.59149,210,1,0.50075,0.61964,1,0.49609,0.33496,0,,0.26732,0.37453,12.58529,1.14299,1,0.62541,0.32490,12.10105,1.14870,1,
0,Games,5333,87.60687,45315466168,0.47706,0.59455,87.29449,0.31238,211,1,0.48376,0.55729,1,0.49609,0.33496,0,,0.26970,0.37094,12.52047,1.17441,1,0.62810,0.32354,12.27670,1.18013,1,
0,Games,5353,87.93542,45316490325,0.45090,0.43598,87.67252,0.26291,212,1,0.43608,0.65952,1,0.49609,0.33496,0,,0.27161,0.37307,11.66649,1.12089,1,0.62904,0.32570,11.24346,1.11518,1,
0,Games,5381,88.39554,45317924606,0.42938,0.62975,88.00113,0.39441,213,1,0.48105,0.55503,1,0.49609,0.33496,0,,0.26617,0.37236,13.18641,1.12813,1,0.62438,0.32418,12.44592,1.13308,1,
0,Games,5407,88.82239,45319255176,0.49551,0.56006,88.41199,0.41040,214,1,0.51275,0.53491,0,0.49609,0.33496,0,,0.26772,0.37251,12.93694,1.15441,0,0.62580,0.32549,10.93775,1.16013,0,
0,Games,5467,89.80798,45322327537,0.49859,0.53411,89.03613,0.77185,215,1,0.53875,0.61920,1,0.49609,0.33496,0,,0.26532,0.37346,12.27409,1.11670,1,0.62331,0.32495,11.25603,1.11670,1,
0,Games,5489,90.16959,45323454772,0.52403,0.56414,89.82462,0.34497,216,1,0.45066,0.29077,1,0.49609,0.33496,0,,0.26179,0.36915,12.99793,1.14870,1,0.61922,0.31826,11.40215,1.14299,1,
0,Games,5505,90.43219,45324273369,0.44708,0.48650,90.23550,0.19669,217,1,0.46571,0.62251,1,0.49609,0.33496,0,,0.25802,0.37824,13.14061,1.17156,1,0.61536,0.32666,11.90226,1.17156,1,
0,Games,5527,90.79370,45325400266,0.45422,0.63116,90.49808,0.29562,218,1,0.43722,0.58225,1,0.49609,0.33496,0,,0.25592,0.37684,13.88397,1.14870,1,0.61371,0.32515,11.88722,1.16108,1,
0,Games,5545,91.08932,45326321753,0.44110,0.40259,90.85962,0.22971,219,1,0.43083,0.32658,1,0.49609,0.33496,0,,0.25479,0.36910,13.45929,1.13156,1,0.61185,0.31655,10.99885,1.13156,1,
0,Games,5563,91.38504,45327243630,0.43560,0.36970,91.10596,0.27908,220,1,0.43337,0.48682,1,0.49609,0.33496,0,,0.25585,0.37311,13.63338,1.12013,1,0.61317,0.32165,12.07436,1.12013,1,
0,Games,5580,91.66446,45328114599,0.44859,0.50000,91.40149,0.26297,221,1,0.44838,0.54495,1,0.49609,0.33496,0,,0.25667,0.37205,14.19121,1.06984,1,0.61475,0.32046,12.11922,1.06984,1,
0,Games,5595,91.91089,45328882771,0.47209,0.46337,91.68066,0.23022,222,1,0.48031,0.45964,1,0.49609,0.33496,0,,0.25853,0.37409,14.24614,1.17346,1,0.61618,0.32136,12.28722,1.17346,1,
0,Games,5616,92.25583,45329958079,0.49130,0.48708,91.92731,0.32852,223,1,0.47540,0.39308,1,0.49609,0.33496,0,,0.25757,0.37337,14.58178,1.19346,1,0.61537,0.32103,11.60306,1.19346,1,
0,Games,5630,92.48572,45330674667,0.43893,0.55585,92.27231,0.21341,224,1,0.43511,0.67768,1,0.49609,0.33496,0,,0.25703,0.37933,13.26837,1.18299,1,0.61444,0.32694,11.42086,1.18299,1,
0,Games,5660,92.97855,45332210968,0.42362,0.64503,92.50217,0.47638,225,1,0.43149,0.48504,1,0.49609,0.33496,0,,0.25820,0.37425,13.34478,1.11670,1,0.61697,0.32160,11.16434,1.11670,1,
0,Games,5680,93.30731,45333235768,0.45439,0.54769,93.04428,0.26303,226,1,0.36772,0.72953,1,0.49609,0.33496,0,,0.25574,0.38160,11.82201,1.15441,1,0.61324,0.32919,11.13616,1.15441,1,
0,Games,5706,93.73416,45334566340,0.35210,0.75836,93.37430,0.35986,227,1,0.40985,0.74341,1,0.49609,0.33496,0,,0.25396,0.38284,12.81359,1.16775,1,0.61248,0.32888,11.57948,1.17346,1,
0,Games,5721,93.98068,45335334813,0.39697,0.68733,93.75064,0.23004,228,1,0.38926,0.46981,1,0.49609,0.33496,0,,0.25625,0.37510,12.34751,1.12813,1,0.61388,0.32298,10.67864,1.12241,1,
0,Games,5741,94.30914,45336358687,0.38992,0.50164,94.04626,0.26288,229,1,0.29460,0.59325,1,0.49609,0.33496,0,,0.25166,0.38049,11.92594,1.16108,1,0.60854,0.32697,11.76486,1.16775,1,
0,Games,5765,94.70352,45337588091,0.29956,0.59006,94.37491,0.32861,230,1,0.32168,0.45416,1,0.49609,0.33496,0,,0.25077,0.37519,11.84463,1.17156,1,0.60828,0.32172,11.48276,1.17156,1,
0,Games,5789,95.09778,45338817063,0.31784,0.50057,94.76901,0.32877,231,1,0.28124,0.55610,1,0.49609,0.33496,0,,0.24835,0.37592,12.24860,1.13880,1,0.60608,0.32223,10.77376,1.13880,1,
0,Games,5817,95.55762,45340250541,0.32412,0.51836,95.11401,0.44360,232,1,0.32267,0.49956,1,0.49609,0.33496,0,,0.25092,0.37731,12.69940,1.16584,1,0.60905,0.32134,11.22501,1.16584,1,
0,Games,5838,95.90262,45341325994,0.33127,0.51896,95.57413,0.32849,233,1,0.29181,0.49050,1,0.49609,0.33496,0,,0.25174,0.37706,13.54018,1.18775,1,0.61039,0.32257,11.24199,1.19346,1,
0,Games,5862,96.29688,45342554946,0.36534,0.69933,95.96872,0.32816,234,1,0.40534,0.75124,1,0.49609,0.33496,0,,0.25154,0.38278,12.81710,1.11441,1,0.60971,0.32816,12.08784,1.11441,1,
0,Games,5893,96.80612,45344142379,0.39203,0.77046,96.31326,0.49286,235,1,0.40891,0.85686,1,0.49609,0.33496,0,,0.25384,0.38266,12.96715,1.13727,1,0.61299,0.32817,11.10532,1.14299,1,
0,Games,5913,97.13464,45345166430,0.55471,0.69791,96.87173,0.26291,236,1,0.54177,0.39994,1,0.49609,0.33496,0,,0.25660,0.37238,13.25499,1.12584,1,0.61344,0.31799,10.34939,1.12013,1,
0,Games,5939,97.56219,45346499212,0.55505,0.45304,97.20035,0.36185,237,1,0.58924,0.46427,1,0.49609,0.33496,0,,0.25914,0.37570,12.81513,1.13384,1,0.61659,0.32192,11.16750,1.12813,1,
0,Games,5963,97.95700,45347729922,0.59571,0.49568,97.57822,0.37878,238,1,0.66003,0.58342,1,0.49609,0.33496,0,,0.25759,0.37492,14.21912,1.11441,1,0.61502,0.32032,11.25540,1.11441,1,
0,Games,5982,98.26822,45348700064,0.60097,0.59342,97.97287,0.29535,239,1,0.41546,0.78624,1,0.49609,0.33496,0,,0.25162,0.38302,13.40190,1.18870,1,0.60863,0.32631,12.09566,1.18299,1,
0,Games,6021,98.90936,45350698708,0.38984,0.72499,98.33386,0.57550,240,1,0.36020,0.72504,1,0.49609,0.33496,0,,0.25304,0.38048,13.49813,1.15441,1,0.61214,0.32399,12.09004,1.16013,1,
0,Games,6035,99.13892,45351414209,0.38799,0.56529,98.92548,0.21344,241,1,0.40352,0.30864,1,0.49609,0.33496,0,,0.25523,0.37039,13.48871,1.14870,1,0.61345,0.31428,11.90284,1.14870,1,
0,Games,6054,99.45099,45352387097,0.37832,0.43194,99.20459,0.24640,242,1,0.39416,0.45219,1,0.49609,0.33496,0,,0.25387,0.37305,13.28744,1.12813,1,0.61187,0.31704,10.84073,1.12813,1,
0,Games,6086,99.97656,45354025403,0.35957,0.40063,99.46744,0.50912,243,1,0.34205,0.36314,1,0.49609,0.33496,0,,0.24870,0.37270,15.63747,1.14299,1,0.60719,0.31526,11.78841,1.14299,1,
0,Games,6111,100.38718,45355305406,0.32565,0.34565,99.99304,0.39413,244,1,0.29144,0.29266,1,0.49609,0.33496,0,,0.24624,0.37275,15.12201,1.18870,1,0.60398,0.31176,12.82749,1.18299,1,
0,Games,6136,100.79807,45356586194,0.31044,0.34502,100.40369,0.39438,245,1,0.28871,0.41121,1,0.49609,0.33496,0,,0.23699,0.37907,15.80653,1.12889,1,0.59389,0.31454,12.11383,1.13384,1,
0,Games,6151,101.04443,45357354167,0.32853,0.48772,100.81430,0.23013,246,1,0.33304,0.68459,1,0.49609,0.33496,0,,0.23476,0.39003,14.07640,1.12013,1,0.59069,0.32342,12.65606,1.11441,1,
0,Games,6170,101.35657,45358327155,0.35735,0.65404,101.11032,0.24625,247,1,0.31520,0.49060,1,0.49609,0.33496,0,,0.23416,0.38345,15.26232,1.17251,1,0.58987,0.31710,12.81896,1.18489,1,
0,Games,6220,102.17776,45360887096,0.34691,0.46100,101.42233,0.75543,248,1,0.37746,0.52881,1,0.49609,0.33496,0,,0.24048,0.37883,12.91589,1.13956,1,0.59738,0.31588,11.33607,1.14527,1,
0,Games,6242,102.53928,45362013989,0.36949,0.51651,102.19458,0.34470,249,1,0.39132,0.66749,1,0.49609,0.33496,0,,0.24109,0.38622,13.32035,1.16013,1,0.59788,0.32185,12.01824,1.15441,1,
0,Games,6289,103.31140,45364420850,0.37580,0.74809,102.60489,0.70651,250,1,0.34020,0.76203,1,0.49609,0.33496,0,,0.23933,0.38615,12.60344,1.16680,1,0.59803,0.32295,11.69281,1.16680,1,
0,Games,6303,103.54126,45365137431,0.36392,0.60894,103.32764,0.21362,251,1,0.39241,0.59765,1,0.49609,0.33496,0,,0.24142,0.38227,11.72460,1.13384,1,0.59936,0.31821,10.05625,1.13384,1,
0,Games,6328,103.95206,45366417915,0.35625,0.61129,103.55777,0.39429,252,1,0.33008,0.69563,1,0.49609,0.33496,0,,0.24405,0.38460,11.86780,1.12013,1,0.60132,0.32340,11.26154,1.12013,1,
0,Games,6347,104.26413,45367390721,0.47311,0.79902,104.01788,0.24625,253,1,0.50054,0.76648,1,0.49609,0.33496,0,,0.24894,0.38778,12.96468,1.15441,1,0.60576,0.32755,11.20711,1.15441,1,
0,Games,6368,104.61038,45368470088,0.40914,0.76603,104.28064,0.32974,254,1,0.38426,0.70065,1,0.49609,0.33496,0,,0.24091,0.38590,13.26395,1.14870,1,0.59775,0.32372,12.06602,1.15441,1,
0,Games,6381,104.82275,45369132094,0.34662,0.54904,104.62561,0.19714,255,1,0.30754,0.43496,1,0.49609,0.33496,0,,0.23951,0.37944,13.30108,1.17727,1,0.59601,0.31764,11.80125,1.18299,1,
0,Games,6402,105.16748,45370206722,0.32848,0.47043,104.88840,0.27908,256,1,0.37302,0.64594,1,0.49609,0.33496,0,,0.24135,0.38289,13.66385,1.11441,1,0.59807,0.31967,11.67222,1.11441,1,
0,Games,6441,105.80945,45372207912,0.34951,0.61311,105.23337,0.57608,257,1,0.31000,0.49561,1,0.49609,0.33496,0,,0.24147,0.38095,14.50591,1.14299,1,0.59907,0.31867,12.30418,1.14870,1,
0,Games,6469,106.26834,45373638380,0.35683,0.56236,105.82458,0.44376,258,1,0.39926,0.66807,1,0.49609,0.33496,0,,0.24010,0.38274,13.69050,1.13727,1,0.59787,0.31975,12.15058,1.13727,1,
0,Games,6497,106.72824,45375071960,0.39569,0.66396,106.28476,0.44348,259,1,0.39218,0.70203,1,0.49609,0.33496,0,,0.23955,0.38793,13.20074,1.11670,1,0.59765,0.32174,12.15104,1.11099,1,
0,Games,6513,106.99109,45375891316,0.38122,0.77349,106.74457,0.24652,260,1,0.38823,0.80712,1,0.49609,0.33496,0,,0.23762,0.39240,13.75537,1.16299,1,0.59531,0.32567,11.52120,1.16299,1,
0,Games,6545,107.51669,45377529798,0.34744,0.80675,107.00760,0.50909,261,1,0.31668,0.74017,1,0.49609,0.33496,0,,0.23510,0.38886,12.33394,1.11670,1,0.59143,0.32284,11.45102,1.11099,1,
0,Games,6573,107.97656,45378963310,0.37038,0.43609,107.58249,0.39407,262,1,0.39968,0.54596,1,0.49609,0.33496,0,,0.23879,0.37792,13.02938,1.13727,1,0.59523,0.31466,10.22260,1.14299,1,
0,Games,6587,108.20670,45379680671,0.35068,0.59825,107.99323,0.21347,263,1,0.33975,0.71691,1,0.49609,0.33496,0,,0.23769,0.38820,12.67467,1.14527,1,0.59377,0.32194,11.87733,1.15022,1,
0,Games,6609,108.56821,45380807550,0.35311,0.68377,108.22321,0.34500,264,1,0.28558,0.44764,1,0.49609,0.33496,0,,0.23753,0.38363,11.88958,1.14299,1,0.59353,0.31736,11.74144,1.13727,1,
0,Games,6628,108.88031,45381780435,0.31228,0.35445,108.63382,0.24649,265,1,0.30640,0.35508,0,0.49609,0.33496,0,,0.23592,0.38159,12.36956,1.12908,0,0.59152,0.31738,8.47412,1.12413,0,
0,Games,6678,109.70200,45384341884,0.31604,0.48972,109.09381,0.60818,266,1,0.37348,0.58814,1,0.49609,0.33496,0,,0.23729,0.38465,14.51494,1.11441,1,0.59401,0.31747,12.11625,1.11441,1,
0,Games,6702,110.09592,45385569783,0.32413,0.55762,109.71805,0.37787,267,1,0.29001,0.58795,1,0.49609,0.33496,0,,0.23704,0.38656,15.21583,1.12584,1,0.59412,0.31917,13.55996,1.13156,1,
0,Games,6726,110.49014,45386798746,0.31423,0.62050,110.11230,0.37784,268,1,0.34137,0.73495,1,0.49609,0.33496,0,,0.23754,0.38873,15.60425,1.12241,1,0.59505,0.32283,13.79306,1.11670,1,
0,Games,6749,110.86777,45387975867,0.31664,0.71437,110.50641,0.36136,269,1,0.33970,0.73373,1,0.49609,0.33496,0,,0.23388,0.39054,15.85151,1.13727,1,0.59099,0.32449,14.33524,1.13727,1,
0,Games,6770,111.21304,45389052123,0.31265,0.72236,110.88428,0.32877,270,1,0.35760,0.42790,1,0.49609,0.33496,0,,0.23685,0.38138,15.73888,1.14870,1,0.59244,0.31590,14.42048,1.15442,1,
0,Games,6787,111.49216,45389922271,0.46591,0.54957,111.27893,0.21323,271,1,0.55464,0.63761,1,0.49609,0.33496,0,,0.23825,0.38570,14.91412,1.17727,1,0.59526,0.31716,13.75456,1.17727,1,
0,Games,6802,111.73880,45390691038,0.55272,0.64435,111.50851,0.23029,272,1,0.57525,0.70936,1,0.49609,0.33496,0,,0.23807,0.38847,14.77230,1.16870,1,0.59454,0.31891,12.98362,1.17441,1,
0,Games,6818,112.00137,45391509578,0.59725,0.65224,111.75504,0.24634,273,1,0.64727,0.59940,1,0.49609,0.33496,0,,0.23340,0.38795,14.19659,1.13384,1,0.58903,0.31272,12.54351,1.13384,1,
0,Games,6832,112.23126,45392226152,0.62374,0.46828,112.01791,0.21335,274,1,0.63248,0.36378,1,0.49609,0.33496,0,,0.22687,0.38700,14.42753,1.12813,1,0.58328,0.30592,12.44559,1.12813,1,
0,Games,6857,112.64200,45393506550,0.62304,0.42533,112.24878,0.39322,275,1,0.56833,0.52286,1,0.49609,0.33496,0,,0.22805,0.38960,12.57006,1.12013,1,0.58588,0.31050,12.01812,1.12584,1,
0,Games,6871,112.87210,45394223863,0.59817,0.62166,112.65854,0.21356,276,1,0.63388,0.70854,1,0.49609,0.33496,0,,0.23595,0.39211,11.84225,1.15442,1,0.59520,0.32007,11.24704,1.15442,1,
0,Games,6893,113.23370,45395351062,0.55868,0.72889,112.88849,0.34521,277,1,0.46043,0.69819,1,0.49609,0.33496,0,,0.23990,0.38696,11.37225,1.12813,1,0.59912,0.32003,10.43392,1.12242,1,
0,Games,6918,113.64438,45396631199,0.47639,0.57679,113.29910,0.34528,278,1,0.48127,0.48997,1,0.49609,0.33496,0,,0.23997,0.38409,12.09409,1.16584,1,0.59912,0.31698,10.46525,1.16584,1,
0,Games,6936,113.94012,45397553137,0.51320,0.45779,113.70987,0.23026,279,1,0.56662,0.55080,1,0.49609,0.33496,0,,0.24862,0.38181,13.09557,1.13156,1,0.60674,0.31988,10.56547,1.13156,1,
0,Games,6961,114.35059,45398832656,0.58488,0.58251,114.00546,0.34512,280,1,0.61323,0.56783,1,0.49609,0.33496,0,,0.25009,0.38121,13.18270,1.14870,1,0.60842,0.32019,11.38506,1.14870,1,
0,Games,6991,114.84335,45400368706,0.58276,0.61313,114.36697,0.47638,281,1,0.58278,0.67573,0,0.49609,0.33496,0,,0.24617,0.38465,12.82925,1.11442,0,0.60475,0.31942,12.69120,1.11442,0,
0,Games,7021,115.33636,45401905532,0.47991,0.54576,115.10611,0.23026,282,1,0.44369,0.49221,1,0.49609,0.33496,0,,0.24124,0.38240,13.59795,1.11442,1,0.60044,0.31630,12.20579,1.11442,1,
0,Games,7045,115.73032,45403133589,0.44546,0.50168,115.35257,0.37775,283,1,0.44398,0.39959,1,0.49609,0.33496,0,,0.24213,0.37991,13.78432,1.14946,1,0.60054,0.31513,12.00644,1.14946,1,
0,Games,7092,116.50241,45405540401,0.45263,0.44865,115.74670,0.75571,284,1,0.47627,0.52383,1,0.49609,0.33496,0,,0.24213,0.38278,13.29708,1.13156,1,0.60167,0.31863,12.16731,1.13156,1,
0,Games,7113,116.84744,45406615868,0.45340,0.52651,116.51898,0.32846,285,1,0.46887,0.62949,1,0.49609,0.33496,0,,0.25281,0.37769,13.54220,1.07975,1,0.61257,0.32299,12.39740,1.08470,1,
0,Games,7143,117.34018,45408151894,0.44270,0.56156,116.86392,0.47626,286,1,0.40043,0.50119,1,0.49609,0.33496,0,,0.25186,0.37747,14.09757,1.12584,1,0.61098,0.32247,12.41464,1.12584,1,
0,Games,7160,117.61948,45409022478,0.45042,0.47895,117.35721,0.26227,287,1,0.49135,0.45594,1,0.49609,0.33496,0,,0.25151,0.37602,14.68471,1.12584,1,0.61110,0.32075,12.07596,1.12584,1,
0,Games,7174,117.84955,45409739705,0.52248,0.55302,117.63605,0.21350,288,1,0.55793,0.58471,1,0.49609,0.33496,0,,0.25516,0.37782,14.25540,1.12584,1,0.61457,0.32249,12.37803,1.12013,1,
0,Games,7197,118.22729,45410917228,0.55226,0.55231,117.86609,0.36121,289,1,0.61693,0.48034,1,0.49609,0.33496,0,,0.25827,0.37435,13.97223,1.13156,1,0.61725,0.31892,12.61404,1.13156,1,
0,Games,7217,118.55591,45411941623,0.57433,0.50385,118.24408,0.31183,290,1,0.59202,0.53390,1,0.49609,0.33496,0,,0.25862,0.37468,13.61574,1.07480,1,0.61835,0.31952,12.33929,1.07975,1,
0,Games,7236,118.86789,45412914155,0.56498,0.58350,118.57239,0.29550,291,1,0.53528,0.61349,1,0.49609,0.33496,0,,0.25629,0.37873,14.05315,1.12165,1,0.61588,0.32344,12.28181,1.12165,1,
0,Games,7251,119.11444,45413682652,0.45984,0.62195,118.88440,0.23004,292,1,0.35458,0.60487,1,0.49609,0.33496,0,,0.25293,0.38041,12.99891,1.14299,1,0.61255,0.32477,12.25154,1.14870,1,
0,Games,7289,119.73889,45415629255,0.33829,0.59149,119.13092,0.60797,293,1,0.34063,0.59810,1,0.49609,0.33496,0,,0.25201,0.37870,14.05592,1.09956,1,0.61143,0.32213,10.82137,1.09956,1,
0,Games,7304,119.98517,45416396902,0.32380,0.47035,119.75500,0.23016,294,1,0.29617,0.42458,1,0.49609,0.33496,0,,0.25090,0.37506,13.78438,1.08965,1,0.61077,0.31863,11.39210,1.08965,1,
0,Games,7333,120.46149,45417881782,0.29902,0.36290,120.00153,0.45996,295,1,0.30315,0.29465,1,0.49609,0.33496,0,,0.24721,0.37625,12.36693,1.14299,1,0.60539,0.31850,11.11149,1.14870,1,
0,Games,7348,120.70773,45418649365,0.29421,0.34369,120.47784,0.22989,296,1,0.32371,0.57158,1,0.49609,0.33496,0,,0.24730,0.38219,12.99298,1.14299,1,0.60516,0.32328,11.50370,1.13727,1,
0,Games,7377,121.18411,45420134306,0.34851,0.59376,120.77380,0.41031,297,1,0.34253,0.65754,1,0.49609,0.33496,0,,0.24907,0.38385,13.94161,1.12584,1,0.60772,0.32408,12.87124,1.12013,1,
0,Games,7402,121.59500,45421415139,0.34550,0.57214,121.20062,0.39438,298,1,0.31992,0.51551,1,0.49609,0.33496,0,,0.24654,0.37863,13.36751,1.10527,1,0.60488,0.31846,11.53203,1.10527,1,
0,Games,7425,121.97275,45422592698,0.31054,0.39109,121.66074,0.31201,299,1,0.32871,0.33021,1,0.49609,0.33496,0,,0.24725,0.37632,12.93289,1.12584,1,0.60567,0.31603,11.96000,1.12584,1,
0,Games,7453,122.43286,45424027023,0.32176,0.37368,121.98923,0.44363,300,1,0.32444,0.59390,1,0.49609,0.33496,0,,0.24485,0.38495,13.71631,1.13727,1,0.60225,0.32323,12.75621,1.13727,1,
0,Games,7484,122.94196,45425613991,0.32719,0.63930,122.49857,0.44339,301,1,0.35139,0.70379,1,0.49609,0.33496,0,,0.22065,0.38443,12.58233,1.10451,1,0.58166,0.31921,11.89106,1.10451,1,
0,Games,7515,123.45120,45427201381,0.43053,0.37041,123.20499,0.24622,302,1,0.41686,0.28753,1,0.52031,0.31445,0,,0.14937,0.39386,13.30025,1.11594,1,0.50763,0.30066,11.76914,1.10527,1,
0,Games,7528,123.66483,45427867295,0.43985,0.21012,123.46762,0.19720,303,1,0.47131,0.04060,1,0.55547,0.15527,0,,0.19111,0.35671,12.62888,1.12965,1,0.55125,0.30251,11.06590,1.13461,1,
0,Games,7558,124.15784,45429404158,0.50347,0.06037,123.73059,0.42725,304,1,0.49681,0.03021,1,0.53203,0.09082,0,,0.26264,0.32756,13.67753,1.15442,1,0.62224,0.32342,12.88439,1.14375,1,